2071,2,1,0,0,2066
2010,2,0,0,0,2008
4035,4,1,0,2,4026
4027,4,0,0,0,4020
2010,2,0,0,0,2008
0,0,0,0,0,0
0,0,0,0,0,0
4028,4,0,0,1,4019
8069,8,0,0,1,8053
8063,8,0,0,3,8048
8063,8,0,0,2,8048
16176,16,0,0,4,16144
22187,16,0,1,1,17156
0,0,0,0,0,0
0,0,0,0,0,0
8021,2,0,0,0,3017
0,0,0,0,0,0
28295,16,2,1,1,18262
0,0,0,0,0,0
10154,4,0,0,0,5145
0,0,0,0,0,0
2010,2,0,0,0,2006
2011,2,0,0,0,2007
8009,2,0,0,0,3005
0,0,0,0,0,0
0,0,0,0,0,0
8107,8,0,0,1,8093
0,0,0,0,0,0
4041,4,0,0,1,4035
4044,4,0,0,0,4036
22125,4,0,0,0,7117
0,0,0,0,0,0
0,0,0,0,0,0
28316,16,0,0,5,18283
0,0,0,0,0,0
8087,8,0,0,2,8072
8065,8,0,0,0,8049
20235,8,0,0,3,10219
0,0,0,0,0,0
0,0,0,0,0,0
0,0,0,0,0,0
0,0,0,0,0,0
16157,16,0,0,1,16126
22236,16,0,0,1,17206
40474,16,0,0,2,20438
38381,32,0,0,1,33317
32414,32,0,0,4,32351
68804,32,0,0,4,38740
38351,32,0,0,4,33290
44438,32,0,0,1,34375
62666,32,0,0,4,37603
68758,32,0,0,7,38688
99968,64,0,0,7,69842
70934,64,0,0,8,65814
