9065,2,2,0,1,9061
8933,2,2,0,1,8930
8921,2,2,0,0,8917
0,0,0,0,0,0
9032,2,2,0,0,9029
8854,2,1,0,1,8850
0,0,0,0,0,0
8831,2,2,0,0,8828
8867,2,2,0,0,8864
0,0,0,0,0,0
0,0,0,0,0,0
8933,2,2,0,0,8929
8987,2,0,0,0,8984
0,0,0,0,0,0
8858,2,2,0,0,8855
0,0,0,0,0,0
0,0,0,0,0,0
17364,2,1,1,0,12360
8917,2,2,0,0,8914
0,0,0,0,0,0
8870,2,2,0,0,8867
9034,2,2,0,0,9032
0,0,0,0,0,0
0,0,0,0,0,0
0,0,0,0,0,0
8942,2,0,0,0,8940
8907,2,0,0,0,8905
0,0,0,0,0,0
0,0,0,0,0,0
0,0,0,0,0,0
9052,2,2,0,0,9049
17351,2,1,1,1,12346
0,0,0,0,0,0
0,0,0,0,0,0
0,0,0,0,0,0
26032,2,0,2,0,16027
8839,2,2,0,0,8836
0,0,0,0,0,0
8947,2,2,0,0,8943
9144,2,2,0,0,9141
0,0,0,0,0,0
0,0,0,0,0,0
8995,2,2,0,0,8992
26461,2,0,2,0,16457
0,0,0,0,0,0
9234,2,2,0,0,9230
9208,2,2,0,0,9204
0,0,0,0,0,0
0,0,0,0,0,0
0,0,0,0,0,0
0,0,0,0,0,0
0,0,0,0,0,0
0,0,0,0,0,0
0,0,0,0,0,0
0,0,0,0,0,0
0,0,0,0,0,0
9392,2,2,0,0,9389
9534,2,0,0,0,9532
0,0,0,0,0,0
26614,2,0,2,0,16610
9595,2,0,0,0,9593
0,0,0,0,0,0
0,0,0,0,0,0
0,0,0,0,0,0
0,0,0,0,0,0
26845,2,0,2,0,16841
26676,2,0,0,0,16672
0,0,0,0,0,0
18018,2,0,0,0,13015
17427,2,0,0,0,12423
0,0,0,0,0,0
0,0,0,0,0,0
8843,2,2,0,0,8840
8956,2,2,0,0,8953
0,0,0,0,0,0
9083,2,2,0,0,9081
8945,2,2,0,0,8941
0,0,0,0,0,0
0,0,0,0,0,0
0,0,0,0,0,0
25876,2,0,2,0,15871
17869,2,1,1,0,12863
0,0,0,0,0,0
26045,2,0,1,0,16041
26318,2,0,0,0,16314
0,0,0,0,0,0
0,0,0,0,0,0
26037,2,0,0,0,16033
9041,2,1,0,0,9037
0,0,0,0,0,0
9043,2,0,0,0,9041
8885,2,0,0,0,8882
0,0,0,0,0,0
0,0,0,0,0,0
0,0,0,0,0,0
0,0,0,0,0,0
0,0,0,0,0,0
0,0,0,0,0,0
0,0,0,0,0,0
0,0,0,0,0,0
0,0,0,0,0,0
0,0,0,0,0,0
9000,2,2,0,0,8998
8858,2,2,0,0,8856
0,0,0,0,0,0
0,0,0,0,0,0
0,0,0,0,0,0
25904,2,0,2,0,15896
25694,2,0,2,0,15689
0,0,0,0,0,0
0,0,0,0,0,0
0,0,0,0,0,0
0,0,0,0,0,0
0,0,0,0,0,0
0,0,0,0,0,0
25770,2,0,0,0,15763
25840,2,0,0,0,15834
0,0,0,0,0,0
0,0,0,0,0,0
0,0,0,0,0,0
0,0,0,0,0,0
0,0,0,0,0,0
0,0,0,0,0,0
0,0,0,0,0,0
18005,2,1,0,0,13001
17590,2,1,0,0,12586
0,0,0,0,0,0
9073,2,1,0,0,9070
17388,2,1,1,0,12382
0,0,0,0,0,0
0,0,0,0,0,0
8934,2,2,0,0,8931
9007,2,2,0,0,9004
0,0,0,0,0,0
26090,2,0,2,0,16084
8983,2,2,0,0,8981
0,0,0,0,0,0
0,0,0,0,0,0
0,0,0,0,0,0
0,0,0,0,0,0
25865,2,0,2,0,15858
25866,2,0,2,0,15860
0,0,0,0,0,0
26070,2,0,0,0,16064
25900,2,0,0,0,15894
0,0,0,0,0,0
0,0,0,0,0,0
23169,2,0,0,1,13163
0,0,0,0,0,0
0,0,0,0,0,0
0,0,0,0,0,0
0,0,0,0,0,0
0,0,0,0,0,0
17430,2,1,0,0,12425
0,0,0,0,0,0
0,0,0,0,0,0
0,0,0,0,0,0
0,0,0,0,0,0
0,0,0,0,0,0
0,0,0,0,0,0
0,0,0,0,0,0
0,0,0,0,0,0
0,0,0,0,0,0
0,0,0,0,0,0
0,0,0,0,0,0
0,0,0,0,0,0
0,0,0,0,0,0
0,0,0,0,0,0
8861,2,2,0,0,8858
17369,2,1,1,0,12363
0,0,0,0,0,0
17499,2,1,1,0,12493
8957,2,2,0,0,8953
0,0,0,0,0,0
0,0,0,0,0,0
0,0,0,0,0,0
0,0,0,0,0,0
25749,2,0,2,0,15741
25619,2,0,2,0,15612
0,0,0,0,0,0
25645,2,0,0,0,15639
25692,2,0,0,0,15686
0,0,0,0,0,0
0,0,0,0,0,0
0,0,0,0,0,0
0,0,0,0,0,0
0,0,0,0,0,0
0,0,0,0,0,0
0,0,0,0,0,0
0,0,0,0,0,0
0,0,0,0,0,0
0,0,0,0,0,0
0,0,0,0,0,0
0,0,0,0,0,0
0,0,0,0,0,0
0,0,0,0,0,0
0,0,0,0,0,0
0,0,0,0,0,0
17385,2,1,0,0,12381
0,0,0,0,0,0
17686,2,0,0,0,12681
0,0,0,0,0,0
0,0,0,0,0,0
17601,2,0,0,0,12598
0,0,0,0,0,0
8992,2,0,0,1,8988
25630,2,0,0,0,15623
0,0,0,0,0,0
0,0,0,0,0,0
0,0,0,0,0,0
8982,2,0,0,0,8978
17173,2,1,1,0,12169
0,0,0,0,0,0
9141,2,2,0,1,9137
17268,2,1,1,0,12263
0,0,0,0,0,0
0,0,0,0,0,0
26047,2,0,2,0,16039
25751,2,0,0,0,15743
0,0,0,0,0,0
8859,2,2,0,0,8856
17538,2,1,1,0,12535
0,0,0,0,0,0
0,0,0,0,0,0
0,0,0,0,0,0
0,0,0,0,0,0
0,0,0,0,0,0
25940,2,0,2,0,15931
26052,2,0,1,0,16047
0,0,0,0,0,0
25986,2,0,0,0,15978
26080,2,0,0,0,16074
0,0,0,0,0,0
0,0,0,0,0,0
0,0,0,0,0,0
0,0,0,0,0,0
0,0,0,0,0,0
0,0,0,0,0,0
0,0,0,0,0,0
0,0,0,0,0,0
0,0,0,0,0,0
0,0,0,0,0,0
0,0,0,0,0,0
0,0,0,0,0,0
17315,2,1,0,0,12311
0,0,0,0,0,0
0,0,0,0,0,0
0,0,0,0,0,0
0,0,0,0,0,0
0,0,0,0,0,0
0,0,0,0,0,0
0,0,0,0,0,0
0,0,0,0,0,0
0,0,0,0,0,0
0,0,0,0,0,0
0,0,0,0,0,0
0,0,0,0,0,0
0,0,0,0,0,0
0,0,0,0,0,0
0,0,0,0,0,0
17341,2,0,0,0,12335
17476,2,1,1,0,12472
0,0,0,0,0,0
17376,2,1,1,0,12371
25765,2,0,2,0,15757
0,0,0,0,0,0
0,0,0,0,0,0
25991,2,0,0,0,15985
8973,2,2,0,0,8970
0,0,0,0,0,0
8965,2,0,0,1,8962
17456,2,0,0,0,12451
0,0,0,0,0,0
0,0,0,0,0,0
0,0,0,0,0,0
0,0,0,0,0,0
0,0,0,0,0,0
25718,2,0,0,0,15713
25648,2,0,0,0,15642
0,0,0,0,0,0
25652,2,0,0,0,15646
23035,2,0,0,1,13030
0,0,0,0,0,0
0,0,0,0,0,0
0,0,0,0,0,0
0,0,0,0,0,0
0,0,0,0,0,0
0,0,0,0,0,0
0,0,0,0,0,0
0,0,0,0,0,0
0,0,0,0,0,0
0,0,0,0,0,0
0,0,0,0,0,0
0,0,0,0,0,0
0,0,0,0,0,0
0,0,0,0,0,0
0,0,0,0,0,0
0,0,0,0,0,0
0,0,0,0,0,0
0,0,0,0,0,0
0,0,0,0,0,0
0,0,0,0,0,0
17253,2,1,1,0,12247
0,0,0,0,0,0
0,0,0,0,0,0
0,0,0,0,0,0
0,0,0,0,0,0
0,0,0,0,0,0
0,0,0,0,0,0
0,0,0,0,0,0
0,0,0,0,0,0
0,0,0,0,0,0
0,0,0,0,0,0
0,0,0,0,0,0
0,0,0,0,0,0
0,0,0,0,0,0
8969,2,2,0,0,8965
25575,2,0,2,0,15569
0,0,0,0,0,0
0,0,0,0,0,0
8948,2,2,0,0,8945
25891,2,0,2,0,15883
0,0,0,0,0,0
25545,2,0,2,0,15540
8966,2,2,0,0,8962
0,0,0,0,0,0
0,0,0,0,0,0
0,0,0,0,0,0
26124,2,0,2,0,16116
26241,2,0,2,0,16235
0,0,0,0,0,0
0,0,0,0,0,0
0,0,0,0,0,0
8909,2,2,0,1,8906
26028,2,0,2,0,16023
0,0,0,0,0,0
25982,2,0,2,0,15977
17472,2,1,0,1,12466
0,0,0,0,0,0
0,0,0,0,0,0
0,0,0,0,0,0
0,0,0,0,0,0
0,0,0,0,0,0
0,0,0,0,0,0
25651,2,0,0,0,15647
25863,2,0,0,0,15858
0,0,0,0,0,0
26015,2,0,0,0,16010
0,0,0,0,0,0
0,0,0,0,0,0
0,0,0,0,0,0
0,0,0,0,0,0
0,0,0,0,0,0
0,0,0,0,0,0
0,0,0,0,0,0
0,0,0,0,0,0
0,0,0,0,0,0
0,0,0,0,0,0
0,0,0,0,0,0
0,0,0,0,0,0
0,0,0,0,0,0
0,0,0,0,0,0
0,0,0,0,0,0
0,0,0,0,0,0
17323,2,1,0,0,12319
0,0,0,0,0,0
0,0,0,0,0,0
0,0,0,0,0,0
0,0,0,0,0,0
0,0,0,0,0,0
0,0,0,0,0,0
0,0,0,0,0,0
0,0,0,0,0,0
0,0,0,0,0,0
0,0,0,0,0,0
0,0,0,0,0,0
0,0,0,0,0,0
0,0,0,0,0,0
0,0,0,0,0,0
0,0,0,0,0,0
0,0,0,0,0,0
0,0,0,0,0,0
25829,2,0,0,0,15822
25980,2,0,0,0,15973
0,0,0,0,0,0
0,0,0,0,0,0
17581,2,1,0,0,12576
26049,2,0,0,0,16043
0,0,0,0,0,0
26022,2,0,0,0,16019
25986,2,0,0,0,15979
0,0,0,0,0,0
0,0,0,0,0,0
0,0,0,0,0,0
0,0,0,0,0,0
17662,2,0,0,0,12660
17300,2,0,0,0,12295
0,0,0,0,0,0
0,0,0,0,0,0
0,0,0,0,0,0
0,0,0,0,0,0
0,0,0,0,0,0
0,0,0,0,0,0
0,0,0,0,0,0
0,0,0,0,0,0
0,0,0,0,0,0
0,0,0,0,0,0
0,0,0,0,0,0
0,0,0,0,0,0
0,0,0,0,0,0
0,0,0,0,0,0
0,0,0,0,0,0
0,0,0,0,0,0
0,0,0,0,0,0
0,0,0,0,0,0
0,0,0,0,0,0
0,0,0,0,0,0
0,0,0,0,0,0
0,0,0,0,0,0
0,0,0,0,0,0
0,0,0,0,0,0
0,0,0,0,0,0
0,0,0,0,0,0
0,0,0,0,0,0
0,0,0,0,0,0
0,0,0,0,0,0
0,0,0,0,0,0
0,0,0,0,0,0
0,0,0,0,0,0
0,0,0,0,0,0
0,0,0,0,0,0
25647,2,0,0,0,15642
25605,2,0,0,0,15601
0,0,0,0,0,0
0,0,0,0,0,0
0,0,0,0,0,0
0,0,0,0,0,0
0,0,0,0,0,0
0,0,0,0,0,0
0,0,0,0,0,0
0,0,0,0,0,0
0,0,0,0,0,0
0,0,0,0,0,0
0,0,0,0,0,0
0,0,0,0,0,0
0,0,0,0,0,0
0,0,0,0,0,0
9060,2,0,0,0,9057
17348,2,0,0,0,12343
0,0,0,0,0,0
25740,2,0,0,0,15733
25728,2,0,0,0,15722
0,0,0,0,0,0
0,0,0,0,0,0
0,0,0,0,0,0
17393,2,0,0,0,12389
17685,2,0,0,0,12682
0,0,0,0,0,0
18376,2,0,0,0,13372
25730,2,0,0,0,15724
0,0,0,0,0,0
0,0,0,0,0,0
25765,2,0,0,0,15760
25953,2,0,0,0,15947
0,0,0,0,0,0
26590,2,0,0,0,16586
8929,2,0,0,0,8926
0,0,0,0,0,0
0,0,0,0,0,0
0,0,0,0,0,0
0,0,0,0,0,0
26170,2,0,0,0,16163
18560,2,0,0,0,13554
0,0,0,0,0,0
26121,2,0,0,0,16115
26307,2,0,0,0,16299
0,0,0,0,0,0
0,0,0,0,0,0
0,0,0,0,0,0
0,0,0,0,0,0
17409,2,0,0,0,12402
17507,2,0,0,0,12503
0,0,0,0,0,0
26016,2,0,0,0,16008
26130,2,0,0,0,16121
0,0,0,0,0,0
0,0,0,0,0,0
25566,2,0,0,0,15558
26017,2,0,0,0,16010
0,0,0,0,0,0
25689,2,0,0,0,15682
0,0,0,0,0,0
0,0,0,0,0,0
0,0,0,0,0,0
0,0,0,0,0,0
0,0,0,0,0,0
0,0,0,0,0,0
0,0,0,0,0,0
0,0,0,0,0,0
0,0,0,0,0,0
0,0,0,0,0,0
0,0,0,0,0,0
0,0,0,0,0,0
0,0,0,0,0,0
0,0,0,0,0,0
0,0,0,0,0,0
0,0,0,0,0,0
0,0,0,0,0,0
0,0,0,0,0,0
0,0,0,0,0,0
0,0,0,0,0,0
0,0,0,0,0,0
0,0,0,0,0,0
0,0,0,0,0,0
0,0,0,0,0,0
0,0,0,0,0,0
0,0,0,0,0,0
0,0,0,0,0,0
25632,2,0,0,0,15622
0,0,0,0,0,0
0,0,0,0,0,0
0,0,0,0,0,0
0,0,0,0,0,0
0,0,0,0,0,0
0,0,0,0,0,0
0,0,0,0,0,0
0,0,0,0,0,0
0,0,0,0,0,0
0,0,0,0,0,0
0,0,0,0,0,0
0,0,0,0,0,0
0,0,0,0,0,0
0,0,0,0,0,0
0,0,0,0,0,0
0,0,0,0,0,0
0,0,0,0,0,0
0,0,0,0,0,0
0,0,0,0,0,0
0,0,0,0,0,0
0,0,0,0,0,0
0,0,0,0,0,0
17410,2,1,0,0,12404
0,0,0,0,0,0
0,0,0,0,0,0
0,0,0,0,0,0
0,0,0,0,0,0
0,0,0,0,0,0
0,0,0,0,0,0
0,0,0,0,0,0
0,0,0,0,0,0
0,0,0,0,0,0
0,0,0,0,0,0
0,0,0,0,0,0
0,0,0,0,0,0
0,0,0,0,0,0
0,0,0,0,0,0
0,0,0,0,0,0
0,0,0,0,0,0
0,0,0,0,0,0
0,0,0,0,0,0
0,0,0,0,0,0
0,0,0,0,0,0
0,0,0,0,0,0
0,0,0,0,0,0
0,0,0,0,0,0
0,0,0,0,0,0
0,0,0,0,0,0
0,0,0,0,0,0
0,0,0,0,0,0
0,0,0,0,0,0
0,0,0,0,0,0
0,0,0,0,0,0
0,0,0,0,0,0
0,0,0,0,0,0
0,0,0,0,0,0
0,0,0,0,0,0
0,0,0,0,0,0
0,0,0,0,0,0
0,0,0,0,0,0
0,0,0,0,0,0
0,0,0,0,0,0
0,0,0,0,0,0
0,0,0,0,0,0
0,0,0,0,0,0
0,0,0,0,0,0
0,0,0,0,0,0
0,0,0,0,0,0
0,0,0,0,0,0
0,0,0,0,0,0
0,0,0,0,0,0
0,0,0,0,0,0
0,0,0,0,0,0
0,0,0,0,0,0
0,0,0,0,0,0
0,0,0,0,0,0
0,0,0,0,0,0
0,0,0,0,0,0
0,0,0,0,0,0
0,0,0,0,0,0
0,0,0,0,0,0
0,0,0,0,0,0
0,0,0,0,0,0
0,0,0,0,0,0
0,0,0,0,0,0
0,0,0,0,0,0
0,0,0,0,0,0
0,0,0,0,0,0
0,0,0,0,0,0
0,0,0,0,0,0
0,0,0,0,0,0
0,0,0,0,0,0
0,0,0,0,0,0
0,0,0,0,0,0
0,0,0,0,0,0
0,0,0,0,0,0
0,0,0,0,0,0
0,0,0,0,0,0
0,0,0,0,0,0
0,0,0,0,0,0
0,0,0,0,0,0
0,0,0,0,0,0
0,0,0,0,0,0
0,0,0,0,0,0
0,0,0,0,0,0
0,0,0,0,0,0
0,0,0,0,0,0
0,0,0,0,0,0
0,0,0,0,0,0
0,0,0,0,0,0
0,0,0,0,0,0
0,0,0,0,0,0
0,0,0,0,0,0
0,0,0,0,0,0
0,0,0,0,0,0
0,0,0,0,0,0
0,0,0,0,0,0
0,0,0,0,0,0
0,0,0,0,0,0
0,0,0,0,0,0
0,0,0,0,0,0
0,0,0,0,0,0
0,0,0,0,0,0
0,0,0,0,0,0
0,0,0,0,0,0
0,0,0,0,0,0
0,0,0,0,0,0
0,0,0,0,0,0
0,0,0,0,0,0
0,0,0,0,0,0
0,0,0,0,0,0
0,0,0,0,0,0
0,0,0,0,0,0
0,0,0,0,0,0
0,0,0,0,0,0
0,0,0,0,0,0
0,0,0,0,0,0
0,0,0,0,0,0
0,0,0,0,0,0
0,0,0,0,0,0
0,0,0,0,0,0
0,0,0,0,0,0
0,0,0,0,0,0
0,0,0,0,0,0
0,0,0,0,0,0
0,0,0,0,0,0
0,0,0,0,0,0
0,0,0,0,0,0
0,0,0,0,0,0
0,0,0,0,0,0
0,0,0,0,0,0
0,0,0,0,0,0
0,0,0,0,0,0
0,0,0,0,0,0
0,0,0,0,0,0
0,0,0,0,0,0
0,0,0,0,0,0
0,0,0,0,0,0
0,0,0,0,0,0
0,0,0,0,0,0
0,0,0,0,0,0
0,0,0,0,0,0
0,0,0,0,0,0
0,0,0,0,0,0
0,0,0,0,0,0
0,0,0,0,0,0
0,0,0,0,0,0
0,0,0,0,0,0
0,0,0,0,0,0
0,0,0,0,0,0
0,0,0,0,0,0
0,0,0,0,0,0
0,0,0,0,0,0
0,0,0,0,0,0
0,0,0,0,0,0
0,0,0,0,0,0
0,0,0,0,0,0
0,0,0,0,0,0
17667,2,1,1,0,12663
0,0,0,0,0,0
0,0,0,0,0,0
0,0,0,0,0,0
0,0,0,0,0,0
0,0,0,0,0,0
0,0,0,0,0,0
0,0,0,0,0,0
0,0,0,0,0,0
0,0,0,0,0,0
0,0,0,0,0,0
0,0,0,0,0,0
0,0,0,0,0,0
0,0,0,0,0,0
0,0,0,0,0,0
0,0,0,0,0,0
0,0,0,0,0,0
0,0,0,0,0,0
0,0,0,0,0,0
0,0,0,0,0,0
0,0,0,0,0,0
0,0,0,0,0,0
0,0,0,0,0,0
0,0,0,0,0,0
0,0,0,0,0,0
0,0,0,0,0,0
0,0,0,0,0,0
0,0,0,0,0,0
0,0,0,0,0,0
0,0,0,0,0,0
0,0,0,0,0,0
0,0,0,0,0,0
0,0,0,0,0,0
0,0,0,0,0,0
0,0,0,0,0,0
0,0,0,0,0,0
0,0,0,0,0,0
0,0,0,0,0,0
0,0,0,0,0,0
0,0,0,0,0,0
0,0,0,0,0,0
0,0,0,0,0,0
0,0,0,0,0,0
0,0,0,0,0,0
0,0,0,0,0,0
0,0,0,0,0,0
0,0,0,0,0,0
0,0,0,0,0,0
0,0,0,0,0,0
0,0,0,0,0,0
0,0,0,0,0,0
0,0,0,0,0,0
0,0,0,0,0,0
0,0,0,0,0,0
0,0,0,0,0,0
0,0,0,0,0,0
0,0,0,0,0,0
0,0,0,0,0,0
0,0,0,0,0,0
0,0,0,0,0,0
0,0,0,0,0,0
0,0,0,0,0,0
0,0,0,0,0,0
0,0,0,0,0,0
0,0,0,0,0,0
0,0,0,0,0,0
0,0,0,0,0,0
0,0,0,0,0,0
0,0,0,0,0,0
0,0,0,0,0,0
0,0,0,0,0,0
0,0,0,0,0,0
0,0,0,0,0,0
0,0,0,0,0,0
0,0,0,0,0,0
0,0,0,0,0,0
0,0,0,0,0,0
0,0,0,0,0,0
0,0,0,0,0,0
0,0,0,0,0,0
0,0,0,0,0,0
0,0,0,0,0,0
0,0,0,0,0,0
0,0,0,0,0,0
0,0,0,0,0,0
0,0,0,0,0,0
0,0,0,0,0,0
0,0,0,0,0,0
0,0,0,0,0,0
0,0,0,0,0,0
0,0,0,0,0,0
0,0,0,0,0,0
0,0,0,0,0,0
0,0,0,0,0,0
0,0,0,0,0,0
0,0,0,0,0,0
0,0,0,0,0,0
0,0,0,0,0,0
0,0,0,0,0,0
0,0,0,0,0,0
0,0,0,0,0,0
0,0,0,0,0,0
0,0,0,0,0,0
0,0,0,0,0,0
0,0,0,0,0,0
0,0,0,0,0,0
0,0,0,0,0,0
0,0,0,0,0,0
0,0,0,0,0,0
0,0,0,0,0,0
0,0,0,0,0,0
0,0,0,0,0,0
0,0,0,0,0,0
0,0,0,0,0,0
0,0,0,0,0,0
0,0,0,0,0,0
0,0,0,0,0,0
0,0,0,0,0,0
0,0,0,0,0,0
0,0,0,0,0,0
0,0,0,0,0,0
0,0,0,0,0,0
0,0,0,0,0,0
0,0,0,0,0,0
0,0,0,0,0,0
0,0,0,0,0,0
0,0,0,0,0,0
0,0,0,0,0,0
0,0,0,0,0,0
0,0,0,0,0,0
0,0,0,0,0,0
0,0,0,0,0,0
0,0,0,0,0,0
0,0,0,0,0,0
0,0,0,0,0,0
0,0,0,0,0,0
0,0,0,0,0,0
0,0,0,0,0,0
0,0,0,0,0,0
0,0,0,0,0,0
0,0,0,0,0,0
0,0,0,0,0,0
0,0,0,0,0,0
0,0,0,0,0,0
0,0,0,0,0,0
0,0,0,0,0,0
0,0,0,0,0,0
0,0,0,0,0,0
0,0,0,0,0,0
0,0,0,0,0,0
0,0,0,0,0,0
0,0,0,0,0,0
0,0,0,0,0,0
0,0,0,0,0,0
0,0,0,0,0,0
0,0,0,0,0,0
0,0,0,0,0,0
15162,2,1,1,0,10155
26195,2,0,2,0,16191
0,0,0,0,0,0
0,0,0,0,0,0
0,0,0,0,0,0
0,0,0,0,0,0
0,0,0,0,0,0
0,0,0,0,0,0
0,0,0,0,0,0
0,0,0,0,0,0
0,0,0,0,0,0
0,0,0,0,0,0
0,0,0,0,0,0
0,0,0,0,0,0
0,0,0,0,0,0
0,0,0,0,0,0
0,0,0,0,0,0
0,0,0,0,0,0
0,0,0,0,0,0
0,0,0,0,0,0
0,0,0,0,0,0
0,0,0,0,0,0
0,0,0,0,0,0
0,0,0,0,0,0
0,0,0,0,0,0
0,0,0,0,0,0
0,0,0,0,0,0
0,0,0,0,0,0
0,0,0,0,0,0
0,0,0,0,0,0
0,0,0,0,0,0
0,0,0,0,0,0
0,0,0,0,0,0
0,0,0,0,0,0
0,0,0,0,0,0
0,0,0,0,0,0
0,0,0,0,0,0
0,0,0,0,0,0
0,0,0,0,0,0
0,0,0,0,0,0
0,0,0,0,0,0
0,0,0,0,0,0
0,0,0,0,0,0
0,0,0,0,0,0
0,0,0,0,0,0
0,0,0,0,0,0
0,0,0,0,0,0
0,0,0,0,0,0
0,0,0,0,0,0
0,0,0,0,0,0
0,0,0,0,0,0
0,0,0,0,0,0
0,0,0,0,0,0
0,0,0,0,0,0
0,0,0,0,0,0
0,0,0,0,0,0
0,0,0,0,0,0
0,0,0,0,0,0
0,0,0,0,0,0
0,0,0,0,0,0
0,0,0,0,0,0
0,0,0,0,0,0
0,0,0,0,0,0
0,0,0,0,0,0
0,0,0,0,0,0
0,0,0,0,0,0
0,0,0,0,0,0
0,0,0,0,0,0
0,0,0,0,0,0
0,0,0,0,0,0
0,0,0,0,0,0
0,0,0,0,0,0
0,0,0,0,0,0
0,0,0,0,0,0
0,0,0,0,0,0
0,0,0,0,0,0
0,0,0,0,0,0
0,0,0,0,0,0
0,0,0,0,0,0
0,0,0,0,0,0
0,0,0,0,0,0
0,0,0,0,0,0
0,0,0,0,0,0
0,0,0,0,0,0
0,0,0,0,0,0
0,0,0,0,0,0
0,0,0,0,0,0
0,0,0,0,0,0
0,0,0,0,0,0
0,0,0,0,0,0
0,0,0,0,0,0
0,0,0,0,0,0
0,0,0,0,0,0
0,0,0,0,0,0
0,0,0,0,0,0
0,0,0,0,0,0
0,0,0,0,0,0
0,0,0,0,0,0
0,0,0,0,0,0
0,0,0,0,0,0
0,0,0,0,0,0
0,0,0,0,0,0
0,0,0,0,0,0
0,0,0,0,0,0
0,0,0,0,0,0
0,0,0,0,0,0
0,0,0,0,0,0
0,0,0,0,0,0
0,0,0,0,0,0
0,0,0,0,0,0
0,0,0,0,0,0
0,0,0,0,0,0
0,0,0,0,0,0
0,0,0,0,0,0
0,0,0,0,0,0
0,0,0,0,0,0
0,0,0,0,0,0
0,0,0,0,0,0
0,0,0,0,0,0
0,0,0,0,0,0
0,0,0,0,0,0
0,0,0,0,0,0
0,0,0,0,0,0
0,0,0,0,0,0
0,0,0,0,0,0
0,0,0,0,0,0
0,0,0,0,0,0
0,0,0,0,0,0
0,0,0,0,0,0
0,0,0,0,0,0
0,0,0,0,0,0
0,0,0,0,0,0
0,0,0,0,0,0
0,0,0,0,0,0
0,0,0,0,0,0
0,0,0,0,0,0
0,0,0,0,0,0
0,0,0,0,0,0
0,0,0,0,0,0
0,0,0,0,0,0
0,0,0,0,0,0
0,0,0,0,0,0
0,0,0,0,0,0
0,0,0,0,0,0
0,0,0,0,0,0
0,0,0,0,0,0
0,0,0,0,0,0
0,0,0,0,0,0
0,0,0,0,0,0
0,0,0,0,0,0
0,0,0,0,0,0
0,0,0,0,0,0
0,0,0,0,0,0
0,0,0,0,0,0
0,0,0,0,0,0
0,0,0,0,0,0
0,0,0,0,0,0
0,0,0,0,0,0
0,0,0,0,0,0
26137,2,0,0,0,16132
22972,2,0,0,0,12963
0,0,0,0,0,0
26126,2,0,0,0,16117
25591,2,0,0,0,15585
51832,4,0,0,0,31818
43159,4,1,0,0,28147
34983,4,0,0,0,24975
26440,4,0,0,0,21431
51888,4,0,0,0,31877
17910,4,0,0,0,17905
51892,4,0,0,1,31876
52539,4,0,0,0,32533
52899,4,0,0,0,32893
35690,4,2,2,0,25682
26866,4,3,1,0,21859
53368,4,0,4,0,33360
0,0,0,0,0,0
0,0,0,0,0,0
0,0,0,0,0,0
0,0,0,0,0,0
0,0,0,0,0,0
0,0,0,0,0,0
0,0,0,0,0,0
0,0,0,0,0,0
0,0,0,0,0,0
0,0,0,0,0,0
0,0,0,0,0,0
0,0,0,0,0,0
0,0,0,0,0,0
0,0,0,0,0,0
0,0,0,0,0,0
0,0,0,0,0,0
0,0,0,0,0,0
0,0,0,0,0,0
0,0,0,0,0,0
0,0,0,0,0,0
0,0,0,0,0,0
0,0,0,0,0,0
0,0,0,0,0,0
0,0,0,0,0,0
0,0,0,0,0,0
0,0,0,0,0,0
0,0,0,0,0,0
0,0,0,0,0,0
0,0,0,0,0,0
0,0,0,0,0,0
0,0,0,0,0,0
0,0,0,0,0,0
0,0,0,0,0,0
0,0,0,0,0,0
0,0,0,0,0,0
0,0,0,0,0,0
0,0,0,0,0,0
0,0,0,0,0,0
0,0,0,0,0,0
0,0,0,0,0,0
0,0,0,0,0,0
0,0,0,0,0,0
0,0,0,0,0,0
0,0,0,0,0,0
0,0,0,0,0,0
0,0,0,0,0,0
0,0,0,0,0,0
0,0,0,0,0,0
0,0,0,0,0,0
0,0,0,0,0,0
0,0,0,0,0,0
0,0,0,0,0,0
0,0,0,0,0,0
0,0,0,0,0,0
0,0,0,0,0,0
0,0,0,0,0,0
0,0,0,0,0,0
0,0,0,0,0,0
0,0,0,0,0,0
0,0,0,0,0,0
0,0,0,0,0,0
0,0,0,0,0,0
0,0,0,0,0,0
0,0,0,0,0,0
0,0,0,0,0,0
0,0,0,0,0,0
0,0,0,0,0,0
0,0,0,0,0,0
0,0,0,0,0,0
0,0,0,0,0,0
0,0,0,0,0,0
0,0,0,0,0,0
0,0,0,0,0,0
0,0,0,0,0,0
0,0,0,0,0,0
0,0,0,0,0,0
0,0,0,0,0,0
0,0,0,0,0,0
0,0,0,0,0,0
0,0,0,0,0,0
0,0,0,0,0,0
0,0,0,0,0,0
0,0,0,0,0,0
0,0,0,0,0,0
0,0,0,0,0,0
0,0,0,0,0,0
0,0,0,0,0,0
0,0,0,0,0,0
0,0,0,0,0,0
0,0,0,0,0,0
0,0,0,0,0,0
0,0,0,0,0,0
0,0,0,0,0,0
0,0,0,0,0,0
0,0,0,0,0,0
0,0,0,0,0,0
0,0,0,0,0,0
0,0,0,0,0,0
0,0,0,0,0,0
0,0,0,0,0,0
0,0,0,0,0,0
0,0,0,0,0,0
0,0,0,0,0,0
0,0,0,0,0,0
0,0,0,0,0,0
0,0,0,0,0,0
0,0,0,0,0,0
0,0,0,0,0,0
0,0,0,0,0,0
0,0,0,0,0,0
0,0,0,0,0,0
0,0,0,0,0,0
0,0,0,0,0,0
0,0,0,0,0,0
0,0,0,0,0,0
0,0,0,0,0,0
0,0,0,0,0,0
0,0,0,0,0,0
0,0,0,0,0,0
0,0,0,0,0,0
0,0,0,0,0,0
0,0,0,0,0,0
0,0,0,0,0,0
0,0,0,0,0,0
0,0,0,0,0,0
0,0,0,0,0,0
0,0,0,0,0,0
0,0,0,0,0,0
0,0,0,0,0,0
0,0,0,0,0,0
0,0,0,0,0,0
0,0,0,0,0,0
0,0,0,0,0,0
0,0,0,0,0,0
0,0,0,0,0,0
0,0,0,0,0,0
0,0,0,0,0,0
0,0,0,0,0,0
0,0,0,0,0,0
0,0,0,0,0,0
0,0,0,0,0,0
0,0,0,0,0,0
0,0,0,0,0,0
0,0,0,0,0,0
0,0,0,0,0,0
0,0,0,0,0,0
0,0,0,0,0,0
0,0,0,0,0,0
0,0,0,0,0,0
0,0,0,0,0,0
0,0,0,0,0,0
0,0,0,0,0,0
17397,2,1,0,0,12391
0,0,0,0,0,0
0,0,0,0,0,0
0,0,0,0,0,0
0,0,0,0,0,0
0,0,0,0,0,0
0,0,0,0,0,0
0,0,0,0,0,0
0,0,0,0,0,0
17296,2,1,1,0,12293
26058,2,0,2,0,16053
8996,2,2,0,0,8993
25803,2,0,1,0,15796
0,0,0,0,0,0
25743,2,0,0,0,15737
17551,2,1,0,0,12545
8934,2,0,0,1,8931
17438,2,0,0,0,12434
0,0,0,0,0,0
26068,2,0,0,0,16061
26071,2,0,0,0,16061
26116,2,0,0,0,16106
25966,2,0,0,0,15962
0,0,0,0,0,0
26422,4,0,0,0,21415
43327,4,0,0,0,28316
34592,4,0,0,0,24583
18028,4,0,0,0,18023
34691,4,0,0,0,24681
34656,4,0,0,1,24648
17869,4,0,0,0,17863
18028,4,4,0,0,18024
17831,4,4,0,0,17824
26366,4,0,1,0,21355
26687,4,0,1,0,21680
51389,4,0,2,0,31378
43238,4,0,3,1,23224
51346,4,0,1,0,31336
51654,4,0,0,0,31646
46014,4,0,0,0,26009
51147,4,0,0,0,31140
51315,4,0,0,0,31309
51543,4,0,0,0,31537
48740,4,0,0,0,28733
51083,4,0,0,0,31077
51770,4,0,0,1,31763
17889,4,4,0,0,17883
26306,4,3,1,0,21300
17945,4,3,0,0,17938
18007,4,3,0,0,18001
0,0,0,0,0,0
0,0,0,0,0,0
0,0,0,0,0,0
0,0,0,0,0,0
0,0,0,0,0,0
0,0,0,0,0,0
0,0,0,0,0,0
0,0,0,0,0,0
0,0,0,0,0,0
0,0,0,0,0,0
0,0,0,0,0,0
0,0,0,0,0,0
0,0,0,0,0,0
0,0,0,0,0,0
0,0,0,0,0,0
0,0,0,0,0,0
0,0,0,0,0,0
0,0,0,0,0,0
0,0,0,0,0,0
0,0,0,0,0,0
0,0,0,0,0,0
0,0,0,0,0,0
0,0,0,0,0,0
0,0,0,0,0,0
0,0,0,0,0,0
0,0,0,0,0,0
0,0,0,0,0,0
0,0,0,0,0,0
0,0,0,0,0,0
0,0,0,0,0,0
0,0,0,0,0,0
0,0,0,0,0,0
0,0,0,0,0,0
0,0,0,0,0,0
0,0,0,0,0,0
0,0,0,0,0,0
0,0,0,0,0,0
0,0,0,0,0,0
0,0,0,0,0,0
0,0,0,0,0,0
0,0,0,0,0,0
0,0,0,0,0,0
0,0,0,0,0,0
0,0,0,0,0,0
0,0,0,0,0,0
0,0,0,0,0,0
0,0,0,0,0,0
0,0,0,0,0,0
0,0,0,0,0,0
0,0,0,0,0,0
0,0,0,0,0,0
0,0,0,0,0,0
0,0,0,0,0,0
0,0,0,0,0,0
0,0,0,0,0,0
0,0,0,0,0,0
0,0,0,0,0,0
0,0,0,0,0,0
0,0,0,0,0,0
0,0,0,0,0,0
0,0,0,0,0,0
0,0,0,0,0,0
0,0,0,0,0,0
0,0,0,0,0,0
0,0,0,0,0,0
0,0,0,0,0,0
0,0,0,0,0,0
0,0,0,0,0,0
0,0,0,0,0,0
0,0,0,0,0,0
0,0,0,0,0,0
0,0,0,0,0,0
0,0,0,0,0,0
0,0,0,0,0,0
0,0,0,0,0,0
0,0,0,0,0,0
0,0,0,0,0,0
0,0,0,0,0,0
0,0,0,0,0,0
0,0,0,0,0,0
0,0,0,0,0,0
0,0,0,0,0,0
0,0,0,0,0,0
0,0,0,0,0,0
0,0,0,0,0,0
0,0,0,0,0,0
0,0,0,0,0,0
0,0,0,0,0,0
0,0,0,0,0,0
0,0,0,0,0,0
0,0,0,0,0,0
0,0,0,0,0,0
0,0,0,0,0,0
0,0,0,0,0,0
0,0,0,0,0,0
0,0,0,0,0,0
0,0,0,0,0,0
0,0,0,0,0,0
0,0,0,0,0,0
0,0,0,0,0,0
0,0,0,0,0,0
0,0,0,0,0,0
0,0,0,0,0,0
0,0,0,0,0,0
0,0,0,0,0,0
0,0,0,0,0,0
0,0,0,0,0,0
0,0,0,0,0,0
0,0,0,0,0,0
0,0,0,0,0,0
0,0,0,0,0,0
0,0,0,0,0,0
0,0,0,0,0,0
0,0,0,0,0,0
0,0,0,0,0,0
0,0,0,0,0,0
0,0,0,0,0,0
0,0,0,0,0,0
0,0,0,0,0,0
0,0,0,0,0,0
0,0,0,0,0,0
0,0,0,0,0,0
0,0,0,0,0,0
0,0,0,0,0,0
0,0,0,0,0,0
0,0,0,0,0,0
17523,2,1,1,0,12517
0,0,0,0,0,0
0,0,0,0,0,0
0,0,0,0,0,0
0,0,0,0,0,0
0,0,0,0,0,0
0,0,0,0,0,0
0,0,0,0,0,0
0,0,0,0,0,0
0,0,0,0,0,0
25847,2,0,2,0,15839
25611,2,0,1,0,15605
0,0,0,0,0,0
25939,2,0,0,0,15936
25806,2,0,0,0,15803
0,0,0,0,0,0
25863,2,0,0,1,15859
8982,2,1,0,1,8979
18005,4,0,0,0,17999
25929,2,0,0,0,15925
49103,4,0,0,0,29096
0,0,0,0,0,0
51233,4,0,0,0,31227
17451,2,0,0,0,12448
34879,4,0,0,0,24871
35108,4,0,0,0,25097
34757,4,0,0,0,24748
0,0,0,0,0,0
52074,4,0,0,1,32056
52122,4,0,0,0,32111
52255,4,0,0,2,32242
48956,4,0,0,0,28950
0,0,0,0,0,0
0,0,0,0,0,0
0,0,0,0,0,0
0,0,0,0,0,0
0,0,0,0,0,0
0,0,0,0,0,0
0,0,0,0,0,0
0,0,0,0,0,0
17645,2,0,0,0,12637
8935,2,0,0,0,8933
17742,2,0,0,0,12739
25984,2,0,0,0,15978
0,0,0,0,0,0
9048,2,0,0,0,9045
8903,2,0,0,0,8901
17381,2,0,0,0,12375
8942,2,0,0,0,8939
0,0,0,0,0,0
25856,2,0,0,0,15851
0,0,0,0,0,0
26282,2,0,0,0,16272
0,0,0,0,0,0
25629,2,0,0,0,15626
25592,2,0,0,0,15588
0,0,0,0,0,0
20293,2,0,2,0,10288
20279,2,0,2,0,10270
20346,2,0,2,0,10341
0,0,0,0,0,0
25768,2,0,0,0,15762
0,0,0,0,0,0
0,0,0,0,0,0
0,0,0,0,0,0
0,0,0,0,0,0
0,0,0,0,0,0
0,0,0,0,0,0
0,0,0,0,0,0
0,0,0,0,0,0
0,0,0,0,0,0
17307,2,1,0,0,12300
9044,2,2,0,0,9040
9112,2,1,0,0,9109
17637,2,0,0,0,12634
0,0,0,0,0,0
26199,2,0,0,0,16192
8936,2,1,0,0,8933
25984,2,0,2,0,15977
17446,2,1,1,0,12442
0,0,0,0,0,0
17543,2,1,1,0,12536
9056,2,1,0,0,9053
8996,2,1,0,0,8993
0,0,0,0,0,0
9097,2,2,0,0,9094
8973,2,1,0,0,8970
17465,2,0,1,0,12459
0,0,0,0,0,0
18198,4,0,0,1,18192
51907,4,0,3,0,31888
51518,4,0,0,1,31512
51701,4,0,0,0,31694
51889,4,0,0,0,31882
51913,4,0,0,0,31907
34695,4,0,0,0,24687
18154,4,0,0,0,18149
26687,4,0,0,0,21682
18176,4,0,0,0,18170
26459,4,0,0,1,21451
48961,4,0,0,0,28955
34852,4,0,0,0,24846
18129,4,0,0,0,18123
34854,4,0,0,1,24845
43854,4,0,0,0,28846
43965,4,0,0,0,28958
35210,4,0,0,0,25199
18140,4,0,0,0,18133
26641,4,0,0,0,21636
18030,4,0,0,0,18026
51528,4,0,0,0,31517
18077,4,0,0,0,18072
18270,4,0,0,0,18265
18264,4,0,0,0,18258
35141,4,0,0,0,25129
18265,4,0,0,0,18259
34924,4,0,0,0,24918
26480,4,0,0,0,21472
51843,4,0,0,1,31833
51305,4,0,0,0,31297
48871,4,0,0,1,28863
18327,4,0,0,0,18321
26615,4,0,0,1,21607
34716,4,0,0,1,24706
34857,4,0,0,1,24847
34960,4,0,0,1,24951
52172,4,0,0,0,32160
51851,4,0,0,0,31844
26287,4,0,0,0,21283
18183,4,0,0,0,18178
51325,4,0,0,0,31319
51538,4,0,0,0,31532
51310,4,0,0,0,31303
43893,4,0,0,0,28884
44030,4,0,0,0,29020
44160,4,0,0,0,29152
18158,4,0,0,0,18153
18452,4,0,0,0,18446
18021,4,0,0,0,18015
52738,4,0,0,0,32724
44851,4,0,0,0,29841
52573,4,0,0,0,32564
51569,4,0,0,1,31562
52464,4,0,0,0,32453
52557,4,0,0,0,32544
52511,4,0,0,1,32500
52006,4,0,0,0,31999
18146,4,0,0,1,18141
35264,4,0,0,0,25258
43719,4,0,0,1,28706
18104,4,1,0,0,18099
49388,4,0,4,0,29373
52194,4,0,0,0,32183
35035,4,2,0,1,25027
43744,4,1,0,0,28734
51507,4,0,0,0,31499
51802,4,0,0,1,31793
52436,4,0,0,0,32424
52189,4,0,0,0,32178
43748,4,0,0,1,28740
35105,4,1,1,0,25097
18203,4,3,0,0,18195
26753,4,0,1,0,21744
26979,4,0,1,1,21971
18235,4,0,0,0,18230
18364,4,4,0,0,18358
52151,4,0,4,0,32134
46336,4,0,0,0,26329
51807,4,0,0,0,31800
51630,4,0,0,0,31621
52088,4,0,0,1,32077
52159,4,0,0,1,32149
51850,4,0,0,2,31841
52027,4,0,0,0,32019
51938,4,0,0,1,31925
35567,4,0,0,0,25556
44390,4,0,0,0,29379
43597,4,0,0,0,28590
43908,4,0,0,0,28897
18230,4,0,0,0,18224
51848,4,0,0,0,31838
49357,4,0,0,1,29351
51828,4,0,0,0,31819
35430,4,0,0,1,25420
26696,4,0,0,0,21689
34755,4,0,0,0,24746
43568,4,0,0,0,28557
35129,4,0,0,0,25118
52633,4,0,0,0,32619
26692,4,0,0,0,21686
35032,4,0,0,0,25024
35021,4,0,0,0,25009
26494,4,0,0,0,21487
18277,4,0,0,0,18272
18251,4,0,0,0,18247
18132,4,0,0,0,18125
18141,4,0,0,0,18135
18219,4,0,0,0,18213
18029,4,0,0,0,18024
26773,4,0,0,1,21767
17965,4,0,0,0,17959
18195,4,0,0,0,18190
18123,4,0,0,0,18116
18125,4,0,0,0,18119
34790,4,0,0,0,24782
18103,4,0,0,0,18096
52981,4,0,0,0,32966
26769,4,0,0,0,21760
26606,4,0,0,1,21597
52103,4,0,0,0,32089
40689,4,0,0,1,20681
43387,4,0,0,0,28379
52331,4,0,0,1,32313
51872,4,0,0,0,31859
0,0,0,0,0,0
26016,2,0,0,0,16007
26028,2,0,0,0,16021
52266,4,0,0,0,32254
35442,4,0,0,0,25432
0,0,0,0,0,0
0,0,0,0,0,0
0,0,0,0,0,0
0,0,0,0,0,0
0,0,0,0,0,0
0,0,0,0,0,0
0,0,0,0,0,0
0,0,0,0,0,0
23207,2,0,0,1,13201
26018,2,0,0,0,16010
43829,4,0,0,0,28819
25705,2,0,0,0,15694
51323,4,0,0,0,31314
18056,4,0,0,0,18050
51684,4,0,0,1,31671
51838,4,0,0,0,31822
51951,4,0,0,1,31934
35606,4,0,0,1,25594
25746,2,0,0,0,15736
43297,4,0,0,0,28285
0,0,0,0,0,0
52246,4,0,0,0,32233
0,0,0,0,0,0
0,0,0,0,0,0
0,0,0,0,0,0
35552,4,0,0,0,25542
0,0,0,0,0,0
0,0,0,0,0,0
0,0,0,0,0,0
0,0,0,0,0,0
0,0,0,0,0,0
0,0,0,0,0,0
0,0,0,0,0,0
0,0,0,0,0,0
0,0,0,0,0,0
0,0,0,0,0,0
0,0,0,0,0,0
0,0,0,0,0,0
0,0,0,0,0,0
0,0,0,0,0,0
0,0,0,0,0,0
0,0,0,0,0,0
26305,4,0,0,0,21300
35141,4,0,0,0,25132
26958,4,0,0,0,21949
43769,4,0,0,0,28755
0,0,0,0,0,0
18125,4,0,0,0,18120
18707,4,0,0,0,18700
43698,4,0,0,0,28683
18072,4,0,0,0,18066
0,0,0,0,0,0
51667,4,0,0,0,31656
0,0,0,0,0,0
52578,4,0,0,0,32566
0,0,0,0,0,0
49123,4,0,0,0,29107
51382,4,0,0,0,31364
0,0,0,0,0,0
20343,2,0,0,0,10339
20401,2,0,0,0,10398
40710,4,0,0,0,20704
20371,2,0,0,0,10368
20357,2,0,0,1,10354
45903,4,0,0,0,25891
20342,2,0,0,0,10338
20334,2,0,0,0,10331
40676,4,0,0,1,20670
0,0,0,0,0,0
51559,4,0,0,1,31547
0,0,0,0,0,0
0,0,0,0,0,0
0,0,0,0,0,0
0,0,0,0,0,0
0,0,0,0,0,0
0,0,0,0,0,0
0,0,0,0,0,0
0,0,0,0,0,0
0,0,0,0,0,0
8948,2,0,0,0,8946
26611,4,0,0,0,21606
17486,2,0,0,0,12484
17646,2,0,0,0,12643
26683,4,0,0,1,21677
17603,2,0,0,0,12598
35522,4,0,0,0,25514
26701,4,0,0,2,21690
0,0,0,0,0,0
18631,4,0,0,0,18627
9187,2,0,0,0,9185
18201,4,0,0,1,18194
26142,2,0,0,0,16135
26076,2,0,0,0,16069
52029,4,0,0,0,32015
25922,2,0,0,0,15916
17522,2,0,0,0,12520
34948,4,0,0,1,24936
0,0,0,0,0,0
26431,2,0,0,0,16423
9174,2,0,0,0,9172
18288,4,0,0,0,18282
17837,2,0,0,0,12832
18481,4,0,0,0,18476
17571,2,0,0,0,12565
26640,4,0,0,1,21630
0,0,0,0,0,0
17615,2,0,0,0,12612
9180,2,0,0,0,9178
26820,4,0,0,1,21814
9193,2,0,0,0,9190
26337,4,0,0,1,21331
26166,2,0,0,0,16161
18334,4,0,0,0,18327
0,0,0,0,0,0
0,0,0,0,0,0
26014,2,0,0,0,16008
25898,2,0,0,0,15888
25823,2,0,0,0,15815
0,0,0,0,0,0
0,0,0,0,0,0
0,0,0,0,0,0
0,0,0,0,0,0
0,0,0,0,0,0
0,0,0,0,0,0
0,0,0,0,0,0
0,0,0,0,0,0
0,0,0,0,0,0
0,0,0,0,0,0
0,0,0,0,0,0
0,0,0,0,0,0
0,0,0,0,0,0
0,0,0,0,0,0
0,0,0,0,0,0
0,0,0,0,0,0
0,0,0,0,0,0
0,0,0,0,0,0
0,0,0,0,0,0
0,0,0,0,0,0
0,0,0,0,0,0
0,0,0,0,0,0
0,0,0,0,0,0
0,0,0,0,0,0
0,0,0,0,0,0
0,0,0,0,0,0
0,0,0,0,0,0
0,0,0,0,0,0
0,0,0,0,0,0
0,0,0,0,0,0
0,0,0,0,0,0
0,0,0,0,0,0
0,0,0,0,0,0
0,0,0,0,0,0
0,0,0,0,0,0
0,0,0,0,0,0
0,0,0,0,0,0
0,0,0,0,0,0
0,0,0,0,0,0
0,0,0,0,0,0
0,0,0,0,0,0
0,0,0,0,0,0
0,0,0,0,0,0
0,0,0,0,0,0
0,0,0,0,0,0
0,0,0,0,0,0
0,0,0,0,0,0
0,0,0,0,0,0
0,0,0,0,0,0
0,0,0,0,0,0
0,0,0,0,0,0
0,0,0,0,0,0
0,0,0,0,0,0
0,0,0,0,0,0
0,0,0,0,0,0
0,0,0,0,0,0
0,0,0,0,0,0
0,0,0,0,0,0
0,0,0,0,0,0
0,0,0,0,0,0
26276,2,0,0,0,16269
0,0,0,0,0,0
23209,2,0,0,0,13203
25935,2,0,0,0,15928
25950,2,0,0,0,15944
23078,2,0,0,0,13075
0,0,0,0,0,0
0,0,0,0,0,0
26231,2,0,0,0,16222
26172,2,0,0,1,16164
0,0,0,0,0,0
9263,2,0,0,0,9261
0,0,0,0,0,0
0,0,0,0,0,0
0,0,0,0,0,0
0,0,0,0,0,0
0,0,0,0,0,0
0,0,0,0,0,0
17615,2,0,0,1,12609
23337,2,0,0,0,13334
0,0,0,0,0,0
14891,2,0,0,1,9888
17888,2,0,0,1,12884
17631,2,0,0,0,12625
0,0,0,0,0,0
26385,2,0,0,0,16378
0,0,0,0,0,0
26351,2,0,0,0,16347
0,0,0,0,0,0
0,0,0,0,0,0
9180,2,0,0,0,9178
17571,2,0,0,1,12567
9015,2,0,0,0,9012
9074,2,0,0,1,9071
0,0,0,0,0,0
26053,2,0,0,0,16045
25887,2,0,0,0,15877
23099,2,0,0,0,13093
26052,2,0,0,0,16044
0,0,0,0,0,0
0,0,0,0,0,0
0,0,0,0,0,0
0,0,0,0,0,0
0,0,0,0,0,0
0,0,0,0,0,0
0,0,0,0,0,0
0,0,0,0,0,0
0,0,0,0,0,0
0,0,0,0,0,0
0,0,0,0,0,0
0,0,0,0,0,0
0,0,0,0,0,0
0,0,0,0,0,0
0,0,0,0,0,0
0,0,0,0,0,0
0,0,0,0,0,0
0,0,0,0,0,0
0,0,0,0,0,0
0,0,0,0,0,0
0,0,0,0,0,0
0,0,0,0,0,0
0,0,0,0,0,0
0,0,0,0,0,0
0,0,0,0,0,0
0,0,0,0,0,0
0,0,0,0,0,0
0,0,0,0,0,0
0,0,0,0,0,0
0,0,0,0,0,0
0,0,0,0,0,0
0,0,0,0,0,0
0,0,0,0,0,0
0,0,0,0,0,0
0,0,0,0,0,0
0,0,0,0,0,0
0,0,0,0,0,0
0,0,0,0,0,0
0,0,0,0,0,0
0,0,0,0,0,0
0,0,0,0,0,0
0,0,0,0,0,0
0,0,0,0,0,0
0,0,0,0,0,0
0,0,0,0,0,0
0,0,0,0,0,0
0,0,0,0,0,0
0,0,0,0,0,0
0,0,0,0,0,0
52155,4,0,0,0,32143
44480,4,0,0,0,29470
0,0,0,0,0,0
0,0,0,0,0,0
0,0,0,0,0,0
0,0,0,0,0,0
0,0,0,0,0,0
0,0,0,0,0,0
0,0,0,0,0,0
0,0,0,0,0,0
0,0,0,0,0,0
0,0,0,0,0,0
51998,4,0,0,0,31985
52104,4,0,0,1,32089
0,0,0,0,0,0
52085,4,0,0,0,32071
0,0,0,0,0,0
0,0,0,0,0,0
0,0,0,0,0,0
0,0,0,0,0,0
0,0,0,0,0,0
0,0,0,0,0,0
26693,4,0,0,0,21689
0,0,0,0,0,0
0,0,0,0,0,0
0,0,0,0,0,0
0,0,0,0,0,0
0,0,0,0,0,0
0,0,0,0,0,0
0,0,0,0,0,0
0,0,0,0,0,0
0,0,0,0,0,0
0,0,0,0,0,0
0,0,0,0,0,0
0,0,0,0,0,0
0,0,0,0,0,0
0,0,0,0,0,0
0,0,0,0,0,0
0,0,0,0,0,0
0,0,0,0,0,0
0,0,0,0,0,0
0,0,0,0,0,0
0,0,0,0,0,0
0,0,0,0,0,0
0,0,0,0,0,0
0,0,0,0,0,0
0,0,0,0,0,0
0,0,0,0,0,0
0,0,0,0,0,0
0,0,0,0,0,0
0,0,0,0,0,0
0,0,0,0,0,0
0,0,0,0,0,0
0,0,0,0,0,0
0,0,0,0,0,0
0,0,0,0,0,0
0,0,0,0,0,0
0,0,0,0,0,0
0,0,0,0,0,0
0,0,0,0,0,0
0,0,0,0,0,0
0,0,0,0,0,0
0,0,0,0,0,0
40716,4,0,0,0,20711
40712,4,0,0,0,20707
0,0,0,0,0,0
40766,4,0,0,1,20760
40874,4,0,0,0,20868
0,0,0,0,0,0
40932,4,0,0,0,20925
40612,4,0,0,0,20606
0,0,0,0,0,0
0,0,0,0,0,0
0,0,0,0,0,0
0,0,0,0,0,0
0,0,0,0,0,0
0,0,0,0,0,0
0,0,0,0,0,0
0,0,0,0,0,0
0,0,0,0,0,0
0,0,0,0,0,0
0,0,0,0,0,0
0,0,0,0,0,0
34844,4,0,0,0,24837
0,0,0,0,0,0
34681,4,0,0,1,24668
26830,4,0,0,0,21822
0,0,0,0,0,0
26688,4,0,0,0,21681
0,0,0,0,0,0
0,0,0,0,0,0
0,0,0,0,0,0
0,0,0,0,0,0
43832,4,0,0,0,28823
0,0,0,0,0,0
52033,4,0,0,0,32020
52113,4,0,0,1,32099
0,0,0,0,0,0
51861,4,0,0,0,31844
43476,4,0,0,0,28467
0,0,0,0,0,0
0,0,0,0,0,0
52743,4,0,0,1,32730
35171,4,0,0,2,25163
0,0,0,0,0,0
27169,4,0,0,0,22161
0,0,0,0,0,0
18280,4,0,0,0,18275
0,0,0,0,0,0
0,0,0,0,0,0
18228,4,0,0,0,18221
26743,4,0,0,1,21732
0,0,0,0,0,0
18422,4,0,0,0,18416
0,0,0,0,0,0
52149,4,0,0,1,32132
0,0,0,0,0,0
0,0,0,0,0,0
0,0,0,0,0,0
51509,4,0,0,1,31497
52111,4,0,0,1,32101
51822,4,0,0,0,31810
0,0,0,0,0,0
0,0,0,0,0,0
0,0,0,0,0,0
0,0,0,0,0,0
0,0,0,0,0,0
0,0,0,0,0,0
0,0,0,0,0,0
0,0,0,0,0,0
0,0,0,0,0,0
0,0,0,0,0,0
0,0,0,0,0,0
0,0,0,0,0,0
0,0,0,0,0,0
0,0,0,0,0,0
0,0,0,0,0,0
0,0,0,0,0,0
0,0,0,0,0,0
0,0,0,0,0,0
0,0,0,0,0,0
0,0,0,0,0,0
0,0,0,0,0,0
0,0,0,0,0,0
0,0,0,0,0,0
0,0,0,0,0,0
0,0,0,0,0,0
0,0,0,0,0,0
0,0,0,0,0,0
0,0,0,0,0,0
0,0,0,0,0,0
0,0,0,0,0,0
0,0,0,0,0,0
0,0,0,0,0,0
0,0,0,0,0,0
0,0,0,0,0,0
0,0,0,0,0,0
0,0,0,0,0,0
0,0,0,0,0,0
0,0,0,0,0,0
0,0,0,0,0,0
0,0,0,0,0,0
0,0,0,0,0,0
0,0,0,0,0,0
0,0,0,0,0,0
0,0,0,0,0,0
0,0,0,0,0,0
0,0,0,0,0,0
0,0,0,0,0,0
0,0,0,0,0,0
0,0,0,0,0,0
0,0,0,0,0,0
0,0,0,0,0,0
0,0,0,0,0,0
0,0,0,0,0,0
0,0,0,0,0,0
0,0,0,0,0,0
0,0,0,0,0,0
0,0,0,0,0,0
0,0,0,0,0,0
0,0,0,0,0,0
0,0,0,0,0,0
52216,4,0,0,0,32201
0,0,0,0,0,0
46921,4,0,0,1,26909
52165,4,0,0,0,32152
52090,4,0,0,0,32074
43970,4,0,0,0,23964
0,0,0,0,0,0
0,0,0,0,0,0
26886,4,0,0,0,21880
52502,4,0,0,0,32489
0,0,0,0,0,0
35395,4,0,0,1,25384
0,0,0,0,0,0
0,0,0,0,0,0
0,0,0,0,0,0
0,0,0,0,0,0
0,0,0,0,0,0
0,0,0,0,0,0
26782,4,0,0,1,21775
52208,4,0,0,0,32192
0,0,0,0,0,0
26577,4,0,0,0,21572
26534,4,0,0,0,21525
35458,4,0,0,0,25450
0,0,0,0,0,0
52978,4,0,0,1,32966
0,0,0,0,0,0
53082,4,0,0,0,33069
0,0,0,0,0,0
0,0,0,0,0,0
18269,4,0,0,0,18265
18614,4,0,0,0,18608
18467,4,0,0,0,18461
18162,4,0,0,0,18157
0,0,0,0,0,0
51908,4,0,0,1,31894
52202,4,0,0,1,32189
51548,4,0,0,1,31533
51775,4,0,0,0,31762
103883,8,0,0,1,63852
96180,8,0,0,1,56155
104066,8,0,0,0,64035
101822,8,0,0,0,61794
104160,8,0,0,0,64130
104591,8,0,0,1,64561
104544,8,0,0,0,64515
104735,8,0,0,0,64709
102196,8,0,0,0,62171
53601,8,0,0,0,43591
98260,8,0,0,0,63237
87957,8,0,0,0,57931
87652,8,0,0,0,57634
53868,8,0,0,0,43855
98587,8,0,0,1,58559
104047,8,0,0,2,64015
104220,8,0,0,0,64185
87545,8,0,0,0,57521
54194,8,0,0,0,44178
45748,8,0,0,0,40738
70678,8,0,0,0,50664
92807,8,0,0,0,57787
79485,8,0,0,2,54460
70511,8,0,0,0,50490
68099,8,0,0,0,48080
53974,8,0,0,0,43957
36871,8,0,0,1,36860
45165,8,0,0,2,40151
54426,8,0,0,0,44412
36920,8,0,0,0,36910
54012,8,0,0,1,43998
37035,8,0,0,0,37024
36998,8,0,0,0,36987
36680,8,0,0,0,36665
37534,8,0,0,0,37522
36710,8,0,0,1,36698
37257,8,0,0,0,37245
37587,8,0,0,1,37574
62213,8,0,0,0,47198
54795,8,0,0,0,44779
98090,8,0,0,0,63070
70821,8,0,0,0,50810
54176,8,0,0,0,44165
87485,8,0,0,0,57467
81879,8,0,0,1,41865
87291,8,0,0,1,57271
98280,8,0,0,1,63255
104009,8,0,0,1,63981
102890,8,0,0,2,62868
104656,8,0,0,0,64629
97148,8,0,0,2,62133
105754,8,0,0,0,65727
97143,8,0,0,0,62119
96997,8,0,0,0,61976
80630,8,0,0,1,55612
71332,8,0,0,0,51318
105261,8,0,0,0,65233
54314,8,0,0,0,44298
105231,8,0,0,1,65205
105246,8,0,0,1,65214
104686,8,0,0,1,64660
104975,8,0,0,0,64947
105656,8,0,0,0,65627
62534,8,0,0,0,47522
104594,8,0,0,1,64571
104005,8,0,0,1,63974
54344,8,0,0,0,44333
105163,8,0,0,0,65142
104660,8,0,0,0,64628
102135,8,0,0,0,62105
63166,8,0,0,1,48151
88092,8,0,0,1,58075
79516,8,0,0,0,54500
45578,8,0,0,0,40564
102548,8,0,0,1,62527
102696,8,0,0,1,62670
63091,8,0,0,0,48078
103936,8,0,0,1,63907
71216,8,0,0,1,51197
45387,8,0,0,0,40373
63315,8,0,0,1,48299
45670,8,0,0,1,40656
45412,8,0,0,1,40400
107377,8,0,0,1,67358
99364,8,0,0,1,64341
106645,8,0,0,0,66623
99511,8,0,0,1,59490
106818,8,0,0,0,66798
62261,8,0,0,0,47249
62782,8,0,0,0,47768
37102,8,0,0,1,37091
45787,8,0,0,0,40773
54276,8,0,0,0,44264
79905,8,0,0,1,54884
79390,8,0,0,0,54371
45732,8,0,0,1,40719
46027,8,0,0,1,41018
37137,8,0,0,0,37126
97427,8,0,0,1,62404
46079,8,0,0,0,41065
45607,8,0,0,0,40595
45515,8,0,0,1,40506
79461,8,0,0,0,54446
45464,8,0,0,0,40451
45799,8,0,0,0,40785
104614,8,0,0,0,64596
70834,8,0,0,0,50822
106294,8,0,0,0,66275
45789,8,0,0,2,40774
104099,8,0,0,0,64081
105023,8,0,0,0,65009
103946,8,0,0,0,63933
82383,8,0,0,0,42369
82609,8,0,0,0,42594
82404,8,0,0,1,42389
82877,8,0,0,0,42863
82860,8,0,0,0,42847
93299,8,0,0,2,53288
82432,8,0,0,1,42416
82474,8,0,0,0,42462
82575,8,0,0,0,42559
96609,8,0,0,0,56595
101287,8,0,0,2,61272
104275,8,0,0,0,64262
103816,8,0,0,0,63803
98556,8,0,0,0,58543
104451,8,0,0,0,64439
103909,8,0,0,0,63897
104515,8,0,0,0,64501
103916,8,0,0,0,63900
104455,8,0,0,0,64440
104191,8,0,0,0,64179
70795,8,0,0,0,50783
62686,8,0,0,0,47674
62630,8,0,0,0,47613
60128,8,0,0,0,45116
62693,8,0,0,1,47678
37007,8,0,0,0,36996
63289,8,0,0,1,48277
54624,8,0,0,0,44608
37207,8,0,0,0,37198
54160,8,0,0,0,44149
46125,8,0,0,0,41112
45813,8,0,0,1,40801
102462,8,0,0,0,62450
105464,8,0,0,0,65452
105282,8,0,0,1,65268
105015,8,0,0,0,65002
88255,8,0,0,0,58240
71341,8,0,0,1,51329
46272,8,0,0,0,41261
106555,8,0,0,0,66541
62821,8,0,0,1,47809
45581,8,0,0,0,40568
46178,8,0,0,0,41166
55158,8,0,0,0,45144
62623,8,0,0,0,47611
54657,8,0,0,1,44642
37407,8,0,0,1,37397
37497,8,0,0,0,37484
54718,8,0,0,0,44704
36973,8,0,0,0,36960
46849,8,0,0,0,41838
37369,8,0,0,0,37360
106140,8,0,0,2,66126
37304,8,0,0,0,37292
38040,8,0,0,0,38031
37404,8,0,0,0,37392
101652,8,0,0,2,61639
104973,8,0,0,0,64958
104763,8,0,0,0,64750
105450,8,0,0,1,65437
105378,8,0,0,0,65363
105646,8,0,0,0,65632
